<?xml version="1.0" encoding="UTF-8" standalone="no"?>
<!DOCTYPE svg PUBLIC "-//W3C//DTD SVG 20010904//EN"
              "http://www.w3.org/TR/2001/REC-SVG-20010904/DTD/svg10.dtd">

<svg xmlns="http://www.w3.org/2000/svg"
     width="8.88889in" height="8.88889in"
     viewBox="0 0 800 800">
  <path id="Imported Path"
        fill="none" stroke="black" stroke-width="1"
        d="M 756.43,43.58
           C 712.48,-0.36 650.17,-12.59 604.78,13.85
             543.13,49.76 349.22,-64.24 142.49,142.50
             -64.50,349.49 49.88,542.92 13.85,604.78
             -12.59,650.17 -0.37,712.48 43.57,756.42
             87.54,800.39 149.84,812.58 195.23,786.15
             256.82,750.25 450.78,864.22 657.50,657.51
             864.50,450.51 750.12,257.07 786.15,195.22
             812.59,149.83 800.37,87.52 756.43,43.58
             756.43,43.58 756.43,43.58 756.43,43.58 Z
           M 721.42,157.47
           C 660.79,261.55 792.67,416.28 604.47,604.47
             416.28,792.67 261.54,660.80 157.48,721.42
             122.04,742.05 57.42,678.85 78.58,642.53
             139.21,538.45 7.33,383.72 195.53,195.53
             383.71,7.35 538.46,139.20 642.53,78.58
             678.05,57.89 742.54,121.22 721.42,157.47
             721.42,157.47 721.42,157.47 721.42,157.47 Z
           M 456.01,171.12
           C 458.15,188.25 446.00,203.87 428.88,206.01
             343.18,216.72 216.72,343.18 206.01,428.88
             203.86,446.05 188.20,458.15 171.13,456.01
             154.00,453.87 141.85,438.25 143.99,421.12
             158.31,306.62 306.75,158.29 421.13,143.99
             438.24,141.85 453.87,154.00 456.01,171.12
             456.01,171.12 456.01,171.12 456.01,171.12 Z" />
</svg>
